-2047
-2047
-2047
-2047
-2047
-2046
-2046
-2046
-2046
-2046
-2046
-2046
-2045
-2045
-2045
-2045
-2045
-2045
-2045
-2044
-2044
-2044
-2044
-2044
-2044
-2043
-2043
-2043
-2043
-2043
-2043
-2043
-2042
-2042
-2042
-2042
-2042
-2042
-2041
-2041
-2041
-2041
-2041
-2041
-2040
-2040
-2040
-2040
-2040
-2040
-2040
-2039
-2039
-2039
-2039
-2039
-2039
-2038
-2038
-2038
-2038
-2038
-2038
-2037
-2037
-2037
-2037
-2037
-2037
-2036
-2036
-2036
-2036
-2036
-2036
-2035
-2035
-2035
-2035
-2035
-2035
-2034
-2034
-2034
-2034
-2034
-2034
-2033
-2033
-2033
-2033
-2033
-2032
-2032
-2032
-2032
-2032
-2032
-2031
-2031
-2031
-2031
-2031
-2031
-2030
-2030
-2030
-2030
-2030
-2029
-2029
-2029
-2029
-2029
-2029
-2028
-2028
-2028
-2028
-2028
-2027
-2027
-2027
-2027
-2027
-2027
-2026
-2026
-2026
-2026
-2026
-2025
-2025
-2025
-2025
-2025
-2024
-2024
-2024
-2024
-2024
-2024
-2023
-2023
-2023
-2023
-2023
-2022
-2022
-2022
-2022
-2022
-2021
-2021
-2021
-2021
-2021
-2020
-2020
-2020
-2020
-2020
-2019
-2019
-2019
-2019
-2019
-2018
-2018
-2018
-2018
-2018
-2017
-2017
-2017
-2017
-2017
-2016
-2016
-2016
-2016
-2016
-2015
-2015
-2015
-2015
-2015
-2014
-2014
-2014
-2014
-2014
-2013
-2013
-2013
-2013
-2012
-2012
-2012
-2012
-2012
-2011
-2011
-2011
-2011
-2011
-2010
-2010
-2010
-2010
-2009
-2009
-2009
-2009
-2009
-2008
-2008
-2008
-2008
-2008
-2007
-2007
-2007
-2007
-2006
-2006
-2006
-2006
-2006
-2005
-2005
-2005
-2005
-2004
-2004
-2004
-2004
-2003
-2003
-2003
-2003
-2003
-2002
-2002
-2002
-2002
-2001
-2001
-2001
-2001
-2000
-2000
-2000
-2000
-2000
-1999
-1999
-1999
-1999
-1998
-1998
-1998
-1998
-1997
-1997
-1997
-1997
-1996
-1996
-1996
-1996
-1995
-1995
-1995
-1995
-1995
-1994
-1994
-1994
-1994
-1993
-1993
-1993
-1993
-1992
-1992
-1992
-1992
-1991
-1991
-1991
-1991
-1990
-1990
-1990
-1990
-1989
-1989
-1989
-1989
-1988
-1988
-1988
-1987
-1987
-1987
-1987
-1986
-1986
-1986
-1986
-1985
-1985
-1985
-1985
-1984
-1984
-1984
-1984
-1983
-1983
-1983
-1983
-1982
-1982
-1982
-1981
-1981
-1981
-1981
-1980
-1980
-1980
-1980
-1979
-1979
-1979
-1978
-1978
-1978
-1978
-1977
-1977
-1977
-1977
-1976
-1976
-1976
-1975
-1975
-1975
-1975
-1974
-1974
-1974
-1973
-1973
-1973
-1973
-1972
-1972
-1972
-1971
-1971
-1971
-1971
-1970
-1970
-1970
-1969
-1969
-1969
-1969
-1968
-1968
-1968
-1967
-1967
-1967
-1967
-1966
-1966
-1966
-1965
-1965
-1965
-1964
-1964
-1964
-1964
-1963
-1963
-1963
-1962
-1962
-1962
-1961
-1961
-1961
-1961
-1960
-1960
-1960
-1959
-1959
-1959
-1958
-1958
-1958
-1957
-1957
-1957
-1956
-1956
-1956
-1956
-1955
-1955
-1955
-1954
-1954
-1954
-1953
-1953
-1953
-1952
-1952
-1952
-1951
-1951
-1951
-1950
-1950
-1950
-1949
-1949
-1949
-1948
-1948
-1948
-1947
-1947
-1947
-1946
-1946
-1946
-1945
-1945
-1945
-1944
-1944
-1944
-1943
-1943
-1943
-1942
-1942
-1942
-1941
-1941
-1941
-1940
-1940
-1940
-1939
-1939
-1939
-1938
-1938
-1938
-1937
-1937
-1937
-1936
-1936
-1936
-1935
-1935
-1935
-1934
-1934
-1933
-1933
-1933
-1932
-1932
-1932
-1931
-1931
-1931
-1930
-1930
-1930
-1929
-1929
-1928
-1928
-1928
-1927
-1927
-1927
-1926
-1926
-1925
-1925
-1925
-1924
-1924
-1924
-1923
-1923
-1923
-1922
-1922
-1921
-1921
-1921
-1920
-1920
-1920
-1919
-1919
-1918
-1918
-1918
-1917
-1917
-1916
-1916
-1916
-1915
-1915
-1915
-1914
-1914
-1913
-1913
-1913
-1912
-1912
-1911
-1911
-1911
-1910
-1910
-1909
-1909
-1909
-1908
-1908
-1907
-1907
-1907
-1906
-1906
-1905
-1905
-1905
-1904
-1904
-1903
-1903
-1903
-1902
-1902
-1901
-1901
-1901
-1900
-1900
-1899
-1899
-1898
-1898
-1898
-1897
-1897
-1896
-1896
-1895
-1895
-1895
-1894
-1894
-1893
-1893
-1893
-1892
-1892
-1891
-1891
-1890
-1890
-1890
-1889
-1889
-1888
-1888
-1887
-1887
-1886
-1886
-1886
-1885
-1885
-1884
-1884
-1883
-1883
-1883
-1882
-1882
-1881
-1881
-1880
-1880
-1879
-1879
-1878
-1878
-1878
-1877
-1877
-1876
-1876
-1875
-1875
-1874
-1874
-1873
-1873
-1873
-1872
-1872
-1871
-1871
-1870
-1870
-1869
-1869
-1868
-1868
-1867
-1867
-1866
-1866
-1866
-1865
-1865
-1864
-1864
-1863
-1863
-1862
-1862
-1861
-1861
-1860
-1860
-1859
-1859
-1858
-1858
-1857
-1857
-1856
-1856
-1855
-1855
-1854
-1854
-1853
-1853
-1852
-1852
-1851
-1851
-1850
-1850
-1849
-1849
-1848
-1848
-1847
-1847
-1846
-1846
-1845
-1845
-1844
-1844
-1843
-1843
-1842
-1842
-1841
-1841
-1840
-1840
-1839
-1839
-1838
-1838
-1837
-1837
-1836
-1836
-1835
-1835
-1834
-1834
-1833
-1832
-1832
-1831
-1831
-1830
-1830
-1829
-1829
-1828
-1828
-1827
-1827
-1826
-1826
-1825
-1824
-1824
-1823
-1823
-1822
-1822
-1821
-1821
-1820
-1820
-1819
-1818
-1818
-1817
-1817
-1816
-1816
-1815
-1815
-1814
-1813
-1813
-1812
-1812
-1811
-1811
-1810
-1809
-1809
-1808
-1808
-1807
-1807
-1806
-1805
-1805
-1804
-1804
-1803
-1803
-1802
-1801
-1801
-1800
-1800
-1799
-1798
-1798
-1797
-1797
-1796
-1796
-1795
-1794
-1794
-1793
-1793
-1792
-1791
-1791
-1790
-1790
-1789
-1788
-1788
-1787
-1787
-1786
-1785
-1785
-1784
-1784
-1783
-1782
-1782
-1781
-1780
-1780
-1779
-1779
-1778
-1777
-1777
-1776
-1775
-1775
-1774
-1774
-1773
-1772
-1772
-1771
-1770
-1770
-1769
-1769
-1768
-1767
-1767
-1766
-1765
-1765
-1764
-1763
-1763
-1762
-1761
-1761
-1760
-1760
-1759
-1758
-1758
-1757
-1756
-1756
-1755
-1754
-1754
-1753
-1752
-1752
-1751
-1750
-1750
-1749
-1748
-1748
-1747
-1746
-1746
-1745
-1744
-1744
-1743
-1742
-1742
-1741
-1740
-1740
-1739
-1738
-1738
-1737
-1736
-1735
-1735
-1734
-1733
-1733
-1732
-1731
-1731
-1730
-1729
-1729
-1728
-1727
-1726
-1726
-1725
-1724
-1724
-1723
-1722
-1721
-1721
-1720
-1719
-1719
-1718
-1717
-1716
-1716
-1715
-1714
-1714
-1713
-1712
-1711
-1711
-1710
-1709
-1708
-1708
-1707
-1706
-1706
-1705
-1704
-1703
-1703
-1702
-1701
-1700
-1700
-1699
-1698
-1697
-1697
-1696
-1695
-1694
-1694
-1693
-1692
-1691
-1691
-1690
-1689
-1688
-1688
-1687
-1686
-1685
-1684
-1684
-1683
-1682
-1681
-1681
-1680
-1679
-1678
-1678
-1677
-1676
-1675
-1674
-1674
-1673
-1672
-1671
-1670
-1670
-1669
-1668
-1667
-1666
-1666
-1665
-1664
-1663
-1662
-1662
-1661
-1660
-1659
-1658
-1658
-1657
-1656
-1655
-1654
-1654
-1653
-1652
-1651
-1650
-1649
-1649
-1648
-1647
-1646
-1645
-1645
-1644
-1643
-1642
-1641
-1640
-1640
-1639
-1638
-1637
-1636
-1635
-1634
-1634
-1633
-1632
-1631
-1630
-1629
-1629
-1628
-1627
-1626
-1625
-1624
-1623
-1623
-1622
-1621
-1620
-1619
-1618
-1617
-1616
-1616
-1615
-1614
-1613
-1612
-1611
-1610
-1609
-1609
-1608
-1607
-1606
-1605
-1604
-1603
-1602
-1601
-1601
-1600
-1599
-1598
-1597
-1596
-1595
-1594
-1593
-1592
-1591
-1591
-1590
-1589
-1588
-1587
-1586
-1585
-1584
-1583
-1582
-1581
-1580
-1580
-1579
-1578
-1577
-1576
-1575
-1574
-1573
-1572
-1571
-1570
-1569
-1568
-1567
-1566
-1566
-1565
-1564
-1563
-1562
-1561
-1560
-1559
-1558
-1557
-1556
-1555
-1554
-1553
-1552
-1551
-1550
-1549
-1548
-1547
-1546
-1545
-1544
-1543
-1542
-1541
-1540
-1539
-1538
-1537
-1536
-1536
-1535
-1534
-1533
-1532
-1531
-1530
-1529
-1528
-1527
-1526
-1525
-1524
-1523
-1522
-1521
-1519
-1518
-1517
-1516
-1515
-1514
-1513
-1512
-1511
-1510
-1509
-1508
-1507
-1506
-1505
-1504
-1503
-1502
-1501
-1500
-1499
-1498
-1497
-1496
-1495
-1494
-1493
-1492
-1491
-1490
-1488
-1487
-1486
-1485
-1484
-1483
-1482
-1481
-1480
-1479
-1478
-1477
-1476
-1475
-1474
-1473
-1471
-1470
-1469
-1468
-1467
-1466
-1465
-1464
-1463
-1462
-1461
-1459
-1458
-1457
-1456
-1455
-1454
-1453
-1452
-1451
-1450
-1448
-1447
-1446
-1445
-1444
-1443
-1442
-1441
-1440
-1438
-1437
-1436
-1435
-1434
-1433
-1432
-1431
-1429
-1428
-1427
-1426
-1425
-1424
-1423
-1421
-1420
-1419
-1418
-1417
-1416
-1415
-1413
-1412
-1411
-1410
-1409
-1408
-1406
-1405
-1404
-1403
-1402
-1401
-1399
-1398
-1397
-1396
-1395
-1394
-1392
-1391
-1390
-1389
-1388
-1386
-1385
-1384
-1383
-1382
-1380
-1379
-1378
-1377
-1376
-1374
-1373
-1372
-1371
-1370
-1368
-1367
-1366
-1365
-1364
-1362
-1361
-1360
-1359
-1357
-1356
-1355
-1354
-1352
-1351
-1350
-1349
-1348
-1346
-1345
-1344
-1343
-1341
-1340
-1339
-1338
-1336
-1335
-1334
-1333
-1331
-1330
-1329
-1328
-1326
-1325
-1324
-1322
-1321
-1320
-1319
-1317
-1316
-1315
-1314
-1312
-1311
-1310
-1308
-1307
-1306
-1305
-1303
-1302
-1301
-1299
-1298
-1297
-1295
-1294
-1293
-1292
-1290
-1289
-1288
-1286
-1285
-1284
-1282
-1281
-1280
-1278
-1277
-1276
-1274
-1273
-1272
-1270
-1269
-1268
-1266
-1265
-1264
-1262
-1261
-1260
-1258
-1257
-1256
-1254
-1253
-1252
-1250
-1249
-1248
-1246
-1245
-1244
-1242
-1241
-1239
-1238
-1237
-1235
-1234
-1233
-1231
-1230
-1228
-1227
-1226
-1224
-1223
-1221
-1220
-1219
-1217
-1216
-1215
-1213
-1212
-1210
-1209
-1208
-1206
-1205
-1203
-1202
-1201
-1199
-1198
-1196
-1195
-1193
-1192
-1191
-1189
-1188
-1186
-1185
-1183
-1182
-1181
-1179
-1178
-1176
-1175
-1173
-1172
-1171
-1169
-1168
-1166
-1165
-1163
-1162
-1160
-1159
-1157
-1156
-1155
-1153
-1152
-1150
-1149
-1147
-1146
-1144
-1143
-1141
-1140
-1138
-1137
-1135
-1134
-1132
-1131
-1130
-1128
-1127
-1125
-1124
-1122
-1121
-1119
-1118
-1116
-1115
-1113
-1112
-1110
-1109
-1107
-1106
-1104
-1102
-1101
-1099
-1098
-1096
-1095
-1093
-1092
-1090
-1089
-1087
-1086
-1084
-1083
-1081
-1080
-1078
-1077
-1075
-1073
-1072
-1070
-1069
-1067
-1066
-1064
-1063
-1061
-1059
-1058
-1056
-1055
-1053
-1052
-1050
-1049
-1047
-1045
-1044
-1042
-1041
-1039
-1038
-1036
-1034
-1033
-1031
-1030
-1028
-1026
-1025
-1023
-1022
-1020
-1018
-1017
-1015
-1014
-1012
-1010
-1009
-1007
-1006
-1004
-1002
-1001
-999
-998
-996
-994
-993
-991
-989
-988
-986
-985
-983
-981
-980
-978
-976
-975
-973
-972
-970
-968
-967
-965
-963
-962
-960
-958
-957
-955
-953
-952
-950
-948
-947
-945
-943
-942
-940
-938
-937
-935
-933
-932
-930
-928
-927
-925
-923
-922
-920
-918
-917
-915
-913
-912
-910
-908
-906
-905
-903
-901
-900
-898
-896
-895
-893
-891
-889
-888
-886
-884
-883
-881
-879
-877
-876
-874
-872
-871
-869
-867
-865
-864
-862
-860
-858
-857
-855
-853
-851
-850
-848
-846
-845
-843
-841
-839
-838
-836
-834
-832
-831
-829
-827
-825
-823
-822
-820
-818
-816
-815
-813
-811
-809
-808
-806
-804
-802
-800
-799
-797
-795
-793
-792
-790
-788
-786
-784
-783
-781
-779
-777
-775
-774
-772
-770
-768
-766
-765
-763
-761
-759
-757
-756
-754
-752
-750
-748
-746
-745
-743
-741
-739
-737
-736
-734
-732
-730
-728
-726
-725
-723
-721
-719
-717
-715
-714
-712
-710
-708
-706
-704
-703
-701
-699
-697
-695
-693
-691
-690
-688
-686
-684
-682
-680
-678
-677
-675
-673
-671
-669
-667
-665
-663
-662
-660
-658
-656
-654
-652
-650
-648
-647
-645
-643
-641
-639
-637
-635
-633
-632
-630
-628
-626
-624
-622
-620
-618
-616
-614
-613
-611
-609
-607
-605
-603
-601
-599
-597
-595
-593
-592
-590
-588
-586
-584
-582
-580
-578
-576
-574
-572
-570
-569
-567
-565
-563
-561
-559
-557
-555
-553
-551
-549
-547
-545
-543
-541
-540
-538
-536
-534
-532
-530
-528
-526
-524
-522
-520
-518
-516
-514
-512
-510
-508
-506
-504
-503
-501
-499
-497
-495
-493
-491
-489
-487
-485
-483
-481
-479
-477
-475
-473
-471
-469
-467
-465
-463
-461
-459
-457
-455
-453
-451
-449
-447
-445
-443
-441
-439
-437
-435
-433
-431
-429
-428
-426
-424
-422
-420
-418
-416
-414
-412
-410
-408
-406
-404
-402
-400
-398
-396
-394
-392
-390
-388
-386
-384
-382
-380
-378
-376
-374
-371
-369
-367
-365
-363
-361
-359
-357
-355
-353
-351
-349
-347
-345
-343
-341
-339
-337
-335
-333
-331
-329
-327
-325
-323
-321
-319
-317
-315
-313
-311
-309
-307
-305
-303
-301
-299
-297
-295
-293
-291
-289
-287
-284
-282
-280
-278
-276
-274
-272
-270
-268
-266
-264
-262
-260
-258
-256
-254
-252
-250
-248
-246
-244
-242
-240
-237
-235
-233
-231
-229
-227
-225
-223
-221
-219
-217
-215
-213
-211
-209
-207
-205
-203
-201
-199
-196
-194
-192
-190
-188
-186
-184
-182
-180
-178
-176
-174
-172
-170
-168
-166
-164
-161
-159
-157
-155
-153
-151
-149
-147
-145
-143
-141
-139
-137
-135
-133
-130
-128
-126
-124
-122
-120
-118
-116
-114
-112
-110
-108
-106
-104
-102
-99
-97
-95
-93
-91
-89
-87
-85
-83
-81
-79
-77
-75
-73
-70
-68
-66
-64
-62
-60
-58
-56
-54
-52
-50
-48
-46
-44
-41
-39
-37
-35
-33
-31
-29
-27
-25
-23
-21
-19
-17
-15
-12
-10
-8
-6
-4
-2
0
2
4
6
8
10
12
15
17
19
21
23
25
27
29
31
33
35
37
39
41
44
46
48
50
52
54
56
58
60
62
64
66
68
70
73
75
77
79
81
83
85
87
89
91
93
95
97
99
102
104
106
108
110
112
114
116
118
120
122
124
126
128
130
133
135
137
139
141
143
145
147
149
151
153
155
157
159
161
164
166
168
170
172
174
176
178
180
182
184
186
188
190
192
194
196
199
201
203
205
207
209
211
213
215
217
219
221
223
225
227
229
231
233
235
237
240
242
244
246
248
250
252
254
256
258
260
262
264
266
268
270
272
274
276
278
280
282
284
287
289
291
293
295
297
299
301
303
305
307
309
311
313
315
317
319
321
323
325
327
329
331
333
335
337
339
341
343
345
347
349
351
353
355
357
359
361
363
365
367
369
371
374
376
378
380
382
384
386
388
390
392
394
396
398
400
402
404
406
408
410
412
414
416
418
420
422
424
426
428
429
431
433
435
437
439
441
443
445
447
449
451
453
455
457
459
461
463
465
467
469
471
473
475
477
479
481
483
485
487
489
491
493
495
497
499
501
503
504
506
508
510
512
514
516
518
520
522
524
526
528
530
532
534
536
538
540
541
543
545
547
549
551
553
555
557
559
561
563
565
567
569
570
572
574
576
578
580
582
584
586
588
590
592
593
595
597
599
601
603
605
607
609
611
613
614
616
618
620
622
624
626
628
630
632
633
635
637
639
641
643
645
647
648
650
652
654
656
658
660
662
663
665
667
669
671
673
675
677
678
680
682
684
686
688
690
691
693
695
697
699
701
703
704
706
708
710
712
714
715
717
719
721
723
725
726
728
730
732
734
736
737
739
741
743
745
746
748
750
752
754
756
757
759
761
763
765
766
768
770
772
774
775
777
779
781
783
784
786
788
790
792
793
795
797
799
800
802
804
806
808
809
811
813
815
816
818
820
822
823
825
827
829
831
832
834
836
838
839
841
843
845
846
848
850
851
853
855
857
858
860
862
864
865
867
869
871
872
874
876
877
879
881
883
884
886
888
889
891
893
895
896
898
900
901
903
905
906
908
910
912
913
915
917
918
920
922
923
925
927
928
930
932
933
935
937
938
940
942
943
945
947
948
950
952
953
955
957
958
960
962
963
965
967
968
970
972
973
975
976
978
980
981
983
985
986
988
989
991
993
994
996
998
999
1001
1002
1004
1006
1007
1009
1010
1012
1014
1015
1017
1018
1020
1022
1023
1025
1026
1028
1030
1031
1033
1034
1036
1038
1039
1041
1042
1044
1045
1047
1049
1050
1052
1053
1055
1056
1058
1059
1061
1063
1064
1066
1067
1069
1070
1072
1073
1075
1077
1078
1080
1081
1083
1084
1086
1087
1089
1090
1092
1093
1095
1096
1098
1099
1101
1102
1104
1106
1107
1109
1110
1112
1113
1115
1116
1118
1119
1121
1122
1124
1125
1127
1128
1130
1131
1132
1134
1135
1137
1138
1140
1141
1143
1144
1146
1147
1149
1150
1152
1153
1155
1156
1157
1159
1160
1162
1163
1165
1166
1168
1169
1171
1172
1173
1175
1176
1178
1179
1181
1182
1183
1185
1186
1188
1189
1191
1192
1193
1195
1196
1198
1199
1201
1202
1203
1205
1206
1208
1209
1210
1212
1213
1215
1216
1217
1219
1220
1221
1223
1224
1226
1227
1228
1230
1231
1233
1234
1235
1237
1238
1239
1241
1242
1244
1245
1246
1248
1249
1250
1252
1253
1254
1256
1257
1258
1260
1261
1262
1264
1265
1266
1268
1269
1270
1272
1273
1274
1276
1277
1278
1280
1281
1282
1284
1285
1286
1288
1289
1290
1292
1293
1294
1295
1297
1298
1299
1301
1302
1303
1305
1306
1307
1308
1310
1311
1312
1314
1315
1316
1317
1319
1320
1321
1322
1324
1325
1326
1328
1329
1330
1331
1333
1334
1335
1336
1338
1339
1340
1341
1343
1344
1345
1346
1348
1349
1350
1351
1352
1354
1355
1356
1357
1359
1360
1361
1362
1364
1365
1366
1367
1368
1370
1371
1372
1373
1374
1376
1377
1378
1379
1380
1382
1383
1384
1385
1386
1388
1389
1390
1391
1392
1394
1395
1396
1397
1398
1399
1401
1402
1403
1404
1405
1406
1408
1409
1410
1411
1412
1413
1415
1416
1417
1418
1419
1420
1421
1423
1424
1425
1426
1427
1428
1429
1431
1432
1433
1434
1435
1436
1437
1438
1440
1441
1442
1443
1444
1445
1446
1447
1448
1450
1451
1452
1453
1454
1455
1456
1457
1458
1459
1461
1462
1463
1464
1465
1466
1467
1468
1469
1470
1471
1473
1474
1475
1476
1477
1478
1479
1480
1481
1482
1483
1484
1485
1486
1487
1488
1490
1491
1492
1493
1494
1495
1496
1497
1498
1499
1500
1501
1502
1503
1504
1505
1506
1507
1508
1509
1510
1511
1512
1513
1514
1515
1516
1517
1518
1519
1521
1522
1523
1524
1525
1526
1527
1528
1529
1530
1531
1532
1533
1534
1535
1536
1536
1537
1538
1539
1540
1541
1542
1543
1544
1545
1546
1547
1548
1549
1550
1551
1552
1553
1554
1555
1556
1557
1558
1559
1560
1561
1562
1563
1564
1565
1566
1566
1567
1568
1569
1570
1571
1572
1573
1574
1575
1576
1577
1578
1579
1580
1580
1581
1582
1583
1584
1585
1586
1587
1588
1589
1590
1591
1591
1592
1593
1594
1595
1596
1597
1598
1599
1600
1601
1601
1602
1603
1604
1605
1606
1607
1608
1609
1609
1610
1611
1612
1613
1614
1615
1616
1616
1617
1618
1619
1620
1621
1622
1623
1623
1624
1625
1626
1627
1628
1629
1629
1630
1631
1632
1633
1634
1634
1635
1636
1637
1638
1639
1640
1640
1641
1642
1643
1644
1645
1645
1646
1647
1648
1649
1649
1650
1651
1652
1653
1654
1654
1655
1656
1657
1658
1658
1659
1660
1661
1662
1662
1663
1664
1665
1666
1666
1667
1668
1669
1670
1670
1671
1672
1673
1674
1674
1675
1676
1677
1678
1678
1679
1680
1681
1681
1682
1683
1684
1684
1685
1686
1687
1688
1688
1689
1690
1691
1691
1692
1693
1694
1694
1695
1696
1697
1697
1698
1699
1700
1700
1701
1702
1703
1703
1704
1705
1706
1706
1707
1708
1708
1709
1710
1711
1711
1712
1713
1714
1714
1715
1716
1716
1717
1718
1719
1719
1720
1721
1721
1722
1723
1724
1724
1725
1726
1726
1727
1728
1729
1729
1730
1731
1731
1732
1733
1733
1734
1735
1735
1736
1737
1738
1738
1739
1740
1740
1741
1742
1742
1743
1744
1744
1745
1746
1746
1747
1748
1748
1749
1750
1750
1751
1752
1752
1753
1754
1754
1755
1756
1756
1757
1758
1758
1759
1760
1760
1761
1761
1762
1763
1763
1764
1765
1765
1766
1767
1767
1768
1769
1769
1770
1770
1771
1772
1772
1773
1774
1774
1775
1775
1776
1777
1777
1778
1779
1779
1780
1780
1781
1782
1782
1783
1784
1784
1785
1785
1786
1787
1787
1788
1788
1789
1790
1790
1791
1791
1792
1793
1793
1794
1794
1795
1796
1796
1797
1797
1798
1798
1799
1800
1800
1801
1801
1802
1803
1803
1804
1804
1805
1805
1806
1807
1807
1808
1808
1809
1809
1810
1811
1811
1812
1812
1813
1813
1814
1815
1815
1816
1816
1817
1817
1818
1818
1819
1820
1820
1821
1821
1822
1822
1823
1823
1824
1824
1825
1826
1826
1827
1827
1828
1828
1829
1829
1830
1830
1831
1831
1832
1832
1833
1834
1834
1835
1835
1836
1836
1837
1837
1838
1838
1839
1839
1840
1840
1841
1841
1842
1842
1843
1843
1844
1844
1845
1845
1846
1846
1847
1847
1848
1848
1849
1849
1850
1850
1851
1851
1852
1852
1853
1853
1854
1854
1855
1855
1856
1856
1857
1857
1858
1858
1859
1859
1860
1860
1861
1861
1862
1862
1863
1863
1864
1864
1865
1865
1866
1866
1866
1867
1867
1868
1868
1869
1869
1870
1870
1871
1871
1872
1872
1873
1873
1873
1874
1874
1875
1875
1876
1876
1877
1877
1878
1878
1878
1879
1879
1880
1880
1881
1881
1882
1882
1883
1883
1883
1884
1884
1885
1885
1886
1886
1886
1887
1887
1888
1888
1889
1889
1890
1890
1890
1891
1891
1892
1892
1893
1893
1893
1894
1894
1895
1895
1895
1896
1896
1897
1897
1898
1898
1898
1899
1899
1900
1900
1901
1901
1901
1902
1902
1903
1903
1903
1904
1904
1905
1905
1905
1906
1906
1907
1907
1907
1908
1908
1909
1909
1909
1910
1910
1911
1911
1911
1912
1912
1913
1913
1913
1914
1914
1915
1915
1915
1916
1916
1916
1917
1917
1918
1918
1918
1919
1919
1920
1920
1920
1921
1921
1921
1922
1922
1923
1923
1923
1924
1924
1924
1925
1925
1925
1926
1926
1927
1927
1927
1928
1928
1928
1929
1929
1930
1930
1930
1931
1931
1931
1932
1932
1932
1933
1933
1933
1934
1934
1935
1935
1935
1936
1936
1936
1937
1937
1937
1938
1938
1938
1939
1939
1939
1940
1940
1940
1941
1941
1941
1942
1942
1942
1943
1943
1943
1944
1944
1944
1945
1945
1945
1946
1946
1946
1947
1947
1947
1948
1948
1948
1949
1949
1949
1950
1950
1950
1951
1951
1951
1952
1952
1952
1953
1953
1953
1954
1954
1954
1955
1955
1955
1956
1956
1956
1956
1957
1957
1957
1958
1958
1958
1959
1959
1959
1960
1960
1960
1961
1961
1961
1961
1962
1962
1962
1963
1963
1963
1964
1964
1964
1964
1965
1965
1965
1966
1966
1966
1967
1967
1967
1967
1968
1968
1968
1969
1969
1969
1969
1970
1970
1970
1971
1971
1971
1971
1972
1972
1972
1973
1973
1973
1973
1974
1974
1974
1975
1975
1975
1975
1976
1976
1976
1977
1977
1977
1977
1978
1978
1978
1978
1979
1979
1979
1980
1980
1980
1980
1981
1981
1981
1981
1982
1982
1982
1983
1983
1983
1983
1984
1984
1984
1984
1985
1985
1985
1985
1986
1986
1986
1986
1987
1987
1987
1987
1988
1988
1988
1989
1989
1989
1989
1990
1990
1990
1990
1991
1991
1991
1991
1992
1992
1992
1992
1993
1993
1993
1993
1994
1994
1994
1994
1995
1995
1995
1995
1995
1996
1996
1996
1996
1997
1997
1997
1997
1998
1998
1998
1998
1999
1999
1999
1999
2000
2000
2000
2000
2000
2001
2001
2001
2001
2002
2002
2002
2002
2003
2003
2003
2003
2003
2004
2004
2004
2004
2005
2005
2005
2005
2006
2006
2006
2006
2006
2007
2007
2007
2007
2008
2008
2008
2008
2008
2009
2009
2009
2009
2009
2010
2010
2010
2010
2011
2011
2011
2011
2011
2012
2012
2012
2012
2012
2013
2013
2013
2013
2014
2014
2014
2014
2014
2015
2015
2015
2015
2015
2016
2016
2016
2016
2016
2017
2017
2017
2017
2017
2018
2018
2018
2018
2018
2019
2019
2019
2019
2019
2020
2020
2020
2020
2020
2021
2021
2021
2021
2021
2022
2022
2022
2022
2022
2023
2023
2023
2023
2023
2024
2024
2024
2024
2024
2024
2025
2025
2025
2025
2025
2026
2026
2026
2026
2026
2027
2027
2027
2027
2027
2027
2028
2028
2028
2028
2028
2029
2029
2029
2029
2029
2029
2030
2030
2030
2030
2030
2031
2031
2031
2031
2031
2031
2032
2032
2032
2032
2032
2032
2033
2033
2033
2033
2033
2034
2034
2034
2034
2034
2034
2035
2035
2035
2035
2035
2035
2036
2036
2036
2036
2036
2036
2037
2037
2037
2037
2037
2037
2038
2038
2038
2038
2038
2038
2039
2039
2039
2039
2039
2039
2040
2040
2040
2040
2040
2040
2040
2041
2041
2041
2041
2041
2041
2042
2042
2042
2042
2042
2042
2043
2043
2043
2043
2043
2043
2043
2044
2044
2044
2044
2044
2044
2045
2045
2045
2045
2045
2045
2045
2046
2046
2046
2046
2046
2046
2046
2047
2047
2047
2047